{"IdCircuit":"101","NomCircuit":"Alcarras","Adresse":"Adresse Circuit","CodePostal":"Code Postal","Ville":"Ville","URL":"URL","Latitude":41.61829711159174,"Longitude":0.40219636478215026,"Latcenter":41.61993558606245,"Loncenter":0.401529777255174,"LongCircuit":3930,"Zoom":18,
"FL":[41.61923753508911,0.40294791836148036,41.61934801901012,0.4028502887266239],
"PitIn":[41.61819459075118,0.40098533762879196,41.618217650380075,0.40096415129298624],
"PitOut":[41.61917872812661,0.40299833866980883,41.61920559719916,0.40297446377430823],
"Int1":[41.62001653222834,0.4011374322277872,41.620048614280826,0.4008734957312887],"LatInt1":41.62003257325458,"LonInt1":0.40100546397953796,"CapInt1":9.235402697465247,
"Int2":[41.61979997798342,0.399023851417577,41.619838877650565,0.39920784403951526],"LatInt2":41.61981942781699,"LonInt2":0.39911584772854614,"CapInt2":164.20851260305562,
"Int3":[41.62098139288374,0.39800595487863966,41.621019088706056,0.39786539664534715],"LatInt3":41.6210002407949,"LonInt3":0.3979356757619934,"CapInt3":19.735580950748727}
