{"IdCircuit":"104","NomCircuit":"Aragon","Adresse":"Edificio Circuito de Velocidad Ctra, TE-V-7033, Km. 1","CodePostal":"44600","Ville":"Alcañiz, Teruel","Pays":"Espagne",
"Latitude":41.0785535992241,"Longitude":-0.20020395740271812,
"Latcenter":41.07817169454998,"Loncenter":-0.2020025121337854,"LongCircuit":4000,
"FL":[41.07837138245123,-0.19771605341225573,41.07822499825598,-0.19788580656083354],"LatFL":41.07829819035361,"LonFL":-0.19780092998654464,"CapFL":311.1584466379368,
"Int1":[41.08050948575195,-0.20860313367404792,41.080283042365615,-0.20839738981985434],"LatInt1":41.080396264058784,"LonInt1":-0.20850026174695113,"CapInt1":235.5933385245386,
"Int2":[41.0814675207558,-0.21278603583179345,41.08151402179649,-0.21243545829275456],"LatInt2":41.081490771276144,"LonInt2":-0.212610747062274,"CapInt2":170.0197721122148,
"Int3":[41.07718268994693,-0.20662108296430892,41.07736264039607,-0.20653602272957317],"LatInt3":41.0772726651715,"LonInt3":-0.20657855284694104,"CapInt3":109.61211640145267,
"PitIn":[41.07699695093366,-0.1959794195684661,41.07694559409529,-0.19604187908806248],"LatPitIn":41.07697127251448,"LonPitIn":-0.19601064932826429,"CapPitIn":312.51447133736133,
"PitOut":[41.07946243668868,-0.19991742112467348,41.07941431674448,-0.19996648246334514],"LatPitOut":41.07943837671658,"LonPitOut":-0.1999419517940093,"CapPitOut":307.5439582810845,
"Zoom":15}
