{"IdCircuit":"24","NomCircuit":"Le Luc","Adresse":"Adresse Circuit","CodePostal":"Code Postal","Ville":"Ville","URL":"URL",
"Latitude":43.3472987,"Longitude":6.3303209,"Latcenter":43.34746959975663,"Loncenter":6.333048656623372,"LongCircuit":2500,"Zoom":16,
"FL":[43.34727014308384,6.333221169440084,43.34731480998938,6.333028946082053],
"Int1":[43.34985679845422,6.335120507793719,43.349909514992255,6.335353508360559],
"Int2":[43.34743467533398,6.336162227766042,43.34736650567254,6.336442803450568],
"Int3":[43.344909964827565,6.337718632737146,43.34474787010042,6.337958257095662]
}