{"IdCircuit":"103","NomCircuit":"Valencia","Adresse":"","CodePostal":"","Ville":"","Pays":"Espagne",
"Latitude":39.48486160517953,"Longitude":-0.6262730852428033,
"Latcenter":39.485564136504316,"Loncenter":-0.628393951103976,"LongCircuit":4000,
"FL":[39.48507055378471,-0.6280369702646671,39.485194759966305,-0.628150117123949],
"Int1":[39.488643098555634,-0.6282697317300889,39.48862446858549,-0.6280744347427869],
"Int2":[39.4873214618527,-0.6321280894036874,39.48717862930276,-0.6319971654213918],
"Int3":[39.486239352487495,-0.630516083699646,39.48617518036142,-0.6303636982174132],
"PitIn":[39.4831577089075,-0.6314228458062066,39.483216708451664,-0.6314756331193672],
"PitOut":[39.485031775917996,-0.6279035408020084,39.485091808922526,-0.6279576785356245],
"Zoom":16}
